 丐幫

<第一階> 

蓮花掌	配置: 拳腳, 招架				

學習條件	內力: 100				

 

招式	        內傷	臂傷	被閃	被招	等級

小蓮初綻	150	100	130	130	0

千葉蓮花	160	100	130	130	0

雨打蓮花	200	100	120	120	0

葉底清荷	250	110	110	110	10

雙蓮爭艷	260	110	110	110	10

蓮池泛舟	300	110	110	110	30

遍野荷香	330	120	100	100	40

雨後清蓮	360	120	100	100	60

舊藕新蓮	400	130	90	90	70

藕斷絲連	400	130	80	80	80

平均值	281	113	108	108	30

===============================

瘋魔杖法	配置: 棍法, 招架				

學習條件	內力: 100				

 

招式	        內傷	臂傷	被閃	被招	等級

魔影重重	100	150	110	110	0

秦王鞭石	110	200	100	100	10

羅剎開路	130	250	90	90	30

羅剎索命	150	300	80	90	50

輪徊無常	150	400	70	90	60

羅漢獻佛	180	400	70	90	70

平均值	137	283	87	95	37

===============================

四象六合刀	配置: 刀法, 招架				

學習條件	        內力: 50				

 

招式	        內傷	臂傷	被閃	被招	等級

呵壁問天	100	120	120	120	0

氣蓋河山	110	150	120	110	10

天地乍合	110	180	110	110	20

離合無常	120	200	110	100	30

和合六出	120	250	100	100	40

陰陽隔閡	120	300	100	90	50

天穹如蓋	130	350	90	90	60

乾坤倒轉	150	400	80	80	70

兩儀四象	150	400	80	80	70

氣吞六合	150	400	80	80	70

平均值	126	275	99	96	42

=============================== 

<第二階> 

鎖喉擒拿手	配置: 拳腳, 招架				

學習條件	        內力: 500				

	                混天氣功: 80				

 

招式	        內傷	臂傷	被閃	被招	等級

五指曲張	200	120	130	110	0

哽嗓咽喉	250	140	120	100	30

右手疾探	300	170	110	100	50

冰冷大手	350	200	110	90	60

柔若無骨	380	200	100	90	70

陽剛之力	400	230	100	80	80

生吞活剝	500	230	90	80	90

慘酷無比	550	270	80	70	100

捏喉	        600	300	70	65	120

平均值	392	207	101	87	67

=============================== 

<第三階>

降龍十八掌	配置: 拳腳, 招架				

學習條件	        內力: 1200				

	                混天氣功: 150				

	                蓮花掌: 100				

 

招式	        內傷	臂傷	被閃	被招	等級

突如其來	160	100	120	120	0

見龍在田	200	150	120	120	20

鴻漸于陸	220	200	115	115	20

雙龍取水	260	200	115	115	20

飛龍在天	300	200	110	110	30

潛龍勿用	350	200	110	110	40

羝羊觸蕃	400	230	105	105	50

密雲不雨	450	230	105	105	60

神龍擺尾	500	240	100	100	70

或躍在淵	540	240	100	100	80

利涉大川	590	240	90	90	90

魚躍于淵	640	240	90	90	100

時乘六龍	690	250	90	90	150

震驚百里	730	250	80	80	200

履霜冰至	770	250	80	80	250

龍戰于野	820	250	70	70	300

損則有孚	850	300	70	70	350

亢龍有悔	870	350	60	60	400

平均值	519	229	96	96	124

===============================

打狗棒法	配置: 棍法, 招架				

學習條件	內力: 1000				

	        混天氣功: 150				

	        瘋魔杖法: 100				

 

招式 	內傷	臂傷	被閃	被招	等級

棒打雙犬	100	150	100	100	0

撥草尋蛇	110	200	100	100	20

打草驚蛇	110	250	90	90	40

撥狗朝天	120	300	80	80	60

天下無狗	150	400	70	70	80

獒口奪杖	150	410	60	60	100

關門打狗	250	480	60	60	150

棒打狗頭	250	530	60	60	200

惡狗攔路	250	600	60	60	300

斜打狗背	300	750	60	60	400

平均值	179	407	74	74	135

===============================

<上古傳承無上神武>

降龍奧訣	配置: 拳腳, 招架				

學習條件	內力: 5000				

         	降龍十八掌: 800				

 

招式 	內傷	臂傷	被閃	被招	等級

突如其來	700	100	60	60	0

見龍在田	800	100	60	60	10

鴻漸於陸	900	100	60	60	15

雙龍取水	1000 100	60	60	20

飛龍在天	1100 100	60	60	30

潛龍勿用	1200 100	60	60	40

羝羊觸蕃	1300 100	60	60	50

密雲不雨	1400 100	60	60	60

神龍擺尾	1500 100	60	60	70

或躍在淵	1600 100	60	60	80

利涉大川	1700 100	60	60	90

魚躍於淵	1750 100	60	60	100

時乘六龍	1800 100	60	60	110

震驚百里	1850 100	60	60	120

履霜冰至	1900 100	60	60	130

龍戰於野	1950 100	60	60	140

損則有孚	2000 100	60	60	150

亢龍有悔	2050 100	60	60	160

笑言啞啞	2100 100	60	60	170

降龍大法	2150 100	60	60	180

雷霆一擊	2200 100	60	60	190

降龍三悔	2250 100	60	60	200

降龍無悔	2300 100	60	60	250

第一悔	2350 100	60	60	300

第二悔	2400 100	60	60	350

第三悔	2450 100	60	60	400

龍翔九天	2500 100	60	60	450

神龍奧訣	3000 0	50	50	500
平均值      1793  96   60    60    156 

===============================