公共武技3
冰蠶毒掌		配置:	拳腳, 招架		

學習條件		內力:	5000		

	        	基本拳腳:	500		

		        基本內功:	500		

					

招式 	內傷	臂傷	被閃	被招	等級

冰霜映月	515	265	115	115	0

冰霧彌漫	575	290	115	115	10

冰光月影	635	315	115	115	20

冰天雪地	695	340	115	115	30

冰封萬里	755	365	115	115	40

冰河流動	815	390	115	115	50

血灑冰河	875	415	115	115	60

倒卷天河	935	440	115	115	70

輕點浮冰	995	465	115	115	80

指裂冰湖	1055 490	115	115	90

水銀瀉地	1115 515	115	115	100

雪月交輝	1175 540	115	115	150

雪峰轟鳴	1235 565	115	115	200

天湖觀影	1295 590	115	115	250

萬箭穿心	1355 615	115	115	300

雲鎖冰崖	1415 640	115	115	400

冰蠶索魂	1505 665	115	115	500

平均值	997	465	115	115	138

===============================

火焰刀		配置:	拳腳, 招架		

學習條件		內力:	5000		

		        基本拳腳:	500		

	        	基本內功:	500		

					

招式 	內傷	臂傷	被閃	被招	等級

鑽木取火	350	500	100	100	0

祝融懷焰	400	500	100	100	10

風火無邊	450	500	100	100	20

六道輪迴	500	500	100	100	30

雙龍吐焰	550	500	100	100	40

刀山火海	600	500	100	100	50

白佛光度	650	500	100	100	60

火內蓮花	700	500	100	100	70

無堅不摧	750	500	100	100	80

亂刃分屍	800	500	100	100	90

魂飛魄散	850	500	100	100	100

披肝瀝膽	900	500	100	100	110

流金鑠石	950	500	100	100	120

火虐風饕	1000 500	100	100	130

示誕生	1050 500	100	100	140

始心鏡	1100 500	100	100	150

現寶蓮	1150 500	100	100	200

破法執	1200 500	100	100	250

開顯圓	1250 500	100	100	300

顯真常	1300 500	100	100	350

歸真法	1350 525	100	100	400

吉祥逝	1400 550	100	100	430

紅蓮火	1450 575	100	100	460

修羅焰	1500 600	100	100	500

平均值	925	510	100	100	170

===============================

六脈神劍		配置:	拳腳, 招架		

學習條件		內力:	5000		

	        	基本拳腳:	500		

	        	基本內功:	500		

					

招式 	內傷	臂傷	被閃	被招	等級

少衝劍	500	200	130	130	0

少衝劍	600	200	130	130	10

少澤劍	700	200	130	130	20

少澤劍	800	200	130	130	30

關衝劍	900	200	130	130	40

關衝劍	1000 200	130	130	50

中衝劍	1100 200	130	130	60

中衝劍	1200 200	130	130	70

商陽劍	1300 200	130	130	80

商陽劍	1400 200	130	130	90

少商劍	1500 200	130	130	100

少商劍	1600 200	130	130	150

少商劍	1700 200	130	130	200

六脈劍氣	1800 200	130	130	250

六路劍法	1900 200	130	130	300

六脈齊發	2000 200	130	130	350

劍氣縱橫	2300 200	130	130	500

平均值	1312 200	130	130	135

===============================

天魔策	配置:	拳腳, 招架			

學習條件	內力:	7000			

        	基本拳腳:	700			

	        基本內功:	700			

        	基本招架:	700			

        	基本輕功:	700			

					

招式 	內傷	臂傷	被閃	被招	等級

裂空爪影	550	200	0	70	0

螺旋風影	650	300	0	70	100

雷霆破空	750	400	0	70	150

炎焰劈空	850	500	0	70	200

寒冰推壓	950	600	0	70	250

黑牙突襲	1050 650	0	70	300

種魔 	1150 650	0	70	350

道心 	1250 650	0	70	400

拳罡 	1550 650	0	70	450

鬼影 	1850 650	0	70	500

補天道	2000 700	0	30	700

平均值	1145 541	0	66	309

===============================

覆雨劍法	配置:	劍法, 招架			

學習條件	內力:	7000			

        	基本劍法:	700			

        	基本內功:	700			

        	基本招架:	700			

        	基本輕功:	700			

					

招式 	內傷	臂傷	被閃	被招	等級

雲海翻湧	250	650	70	0	0

星辰環月	250	850	70	0	100

春風化雨	250	1000 70	0	150

千軍萬馬	250	1200 70	0	200

雷霆怒吼	250	1300 70	0	250

璀璨長虹	250	1500 70	0	300

光雨如潮	300	1700 70	0	350

驚天動地	350	1900 70	0	400

游龍破浪	450	2100 60	0	450

天際雷霆	500	2200 50	0	500

平均值	310	1440 67	0	270

===============================

逆轉九陰真經	配置:	拳腳, 招架			

學習條件	        內力:	3500			


招式 	內傷	臂傷	被閃	被招	等級

疾速旋轉	300	100	100	100	0

凌空劈出	150	400	90	90	50

蛤蟆勁力	550	200	90	90	100

猛躍而起	200	650	90	90	150

變化無常	750	200	90	90	200

蛙鳴震天	200	850	90	90	250

山洪海嘯	950	300	80	80	300

掌風猛烈	300	1100 80	80	350

蟾震九天	1300 750	70	70	400

平均值	522	506	87	87	200

===============================

燎原槍法	配置:	棍法, 招架			

學習條件	內力:	7000			

	        基本棍法:	700			


招式 	內傷	臂傷	被閃	被招	等級

千重槍影	300	500	50	50	0

形勢忽變	500	500	30	30	20

雙層激電	500	800	30	30	40

燎原之火	660	800	30	30	60

紅影吞吐	800	780	30	30	80

萬丈豪情	800	800	30	30	100

左右生風	880	800	30	30	120

威凌天下	900	980	30	30	140

巔峰槍勢	980	980	30	30	160

平地風生	1000 1000 30	30	200

二十針	1000 1100 30	30	300

三十擊	1300 1000 30	30	400

燎原百擊	1300 1500 30	30	500

平均值 	840	888	32	32	163

===============================

天刀八訣	配置:	刀法, 招架			

學習條件	內力:	7000			

	        基本刀法:	700			

					

招式 	內傷	臂傷	被閃	被招	等級

刀起天南	0	800	50	50	0

刀落北斗	0	1100 30	30	100

刀轉乾坤	0	1400 30	30	200

刀破蒼穹	0	1700 30	30	300

刀斬山河	0	2000 30	30	350

刀斷流水	0	2300 30	30	400

刀劈日月	0	2600 30	30	450

刀歸無極	0	3000 30	30	500

平均值 	0	1863 33	33	288

===============================

