昭明書院

才子手	配置: 拳腳, 招架				

學習條件	內力: 100				

        	基本拳腳: 20				

 

招式 	內傷	臂傷	被閃	被招	等級

不恥下問	110	110	80	130	0

焚膏繼晷	110	110	80	130	0

懸樑刺骨	110	110	70	130	0

撥亂反正	130	130	60	120	10

兩袖清風	130	130	60	120	10

鳴琴垂拱	130	130	50	120	10

妙筆生花	150	150	50	110	20

行雲流水	150	150	30	110	20

羚羊掛角	150	150	30	110	20

以順處逆	170	170	30	100	30

中流砥柱	170	170	30	100	30

疾風勁草	170	170	30	100	30

日省己過	200	200	30	100	40

虛懷若谷	200	200	30	90	40

恭謙自牧	200	200	30	90	40

琴心三疊	230	230	30	90	50

反璞歸真	230	230	30	80	50

放浪形骸	230	230	30	70	50

潛移默化	250	250	30	70	60

春風化雨	250	250	30	70	60

當頭棒喝	250	250	20	60	60

臨深履薄	270	270	20	50	70

殫精極慮	270	270	20	50	70

劍及履及	270	270	20	50	70

光風霽月	320	320	10	50	80

大正至中	320	320	10	30	80

成仁取義	320	380	10	30	80

平均值	203	206	35	87	40

===============================

太華扇	配置: 短兵, 招架				

學習條件	內力: 0				

        	基本輕功: 20				

        	讀書寫字: 30				

 

招式                 	內傷	臂傷	被閃	被招	等級

清日出嶺光入扉	100	110	90	90	0

翠影紅霞朝映日	100	130	80	80	10

耀如羿射九日落	110	150	70	70	20

雲破月來花弄影	110	170	60	60	30

無以言盡月逝時	120	190	60	60	40

夜月幽夢攬一簾	120	210	60	60	50

日色欲盡花含煙	130	230	50	50	60

月如無恨月常圓	130	250	50	50	70

朝起初揚照殘月	150	300	45	45	80

平均值              	119	193	63	63	40

===============================

岳家散手	配置: 拳腳, 招架				

學習條件	內力: 500				

        	基本拳腳: 80				

        	太華氣功: 80				

 

招式	        內傷	臂傷	被閃	被招	等級

過眼煙雲	120	200	130	110	0

塵土雲月	130	250	120	100	30

朝天闕	150	300	110	100	50

壯志饑餐	200	350	110	90	60

笑談渴飲	200	380	100	90	70

莫等閒	230	400	100	80	80

瀟瀟雨歇	230	500	90	80	90

怒髮衝冠	270	550	80	70	100

從頭收拾

舊山河	300	550	70	65	120

平均值	203	387	101	87	67

===============================