武當

<第一階>

武當長拳	配置: 拳腳, 招架				

學習條件	內力: 50				

	        太極神功: 10				

 

招式	        內傷	臂傷	被閃	被招	等級

七星手	120	100	130	130	0

推手 	150	110	130	130	10

一條鞭	180	110	120	120	20

直擊 	220	120	120	110	30

雁回頭	270	140	110	110	40

井欄 	300	170	100	100	50

平均值	207	125	118	117	25

===============================

武當劍法	配置: 劍法, 招架				

學習條件	內力: 50				

        	太極神功: 10				

 

招式	        內傷	臂傷	被閃	被招	等級

飛燕入林	100	100	100	110	0

青龍吐水	110	120	80	100	10

鳳凰摯窩	120	200	80	100	20

白蛇吐信	140	250	80	80	30

玉女穿梭	170	300	80	80	40

仙人指路	170	400	80	80	50

懷中抱月	170	420	80	80	60

反身朝陽	200	430	80	80	80

平均值	148	278	83	89	36

===============================

<第二階>

兩儀劍法	配置: 劍法, 招架				

學習條件	內力: 600				

	        太極神功: 80				

	        武當劍法: 80				

 

招式	        內傷	臂傷	被閃	被招	等級

法分玄素	120	100	100	100	0

道盡陰陽	180	120	90	100	15

淵臨深淺	280	200	90	90	40

水泛青黃	340	350	80	90	50

雲含吞吐	400	350	70	80	70

夢醒蝶莊	410	350	70	80	80

人在遐邇	420	380	70	70	90

情系短長	430	400	70	70	100

平均值	323	281	80	85	56

===============================

虎爪絕戶手	配置: 拳腳, 招架				

學習條件	        內力: 800				

	                太極神功: 80				

	                武當長拳: 80				

 

招式	        內傷	臂傷	被閃	被招	等級

老牛拉車	120	100	120	120	0

精疲力盡	150	150	120	120	10

壯士斷腕	200	200	115	115	20

落葉歸根	220	200	115	115	30

空前絕後	230	200	110	110	40

臥虎驚雷	240	200	110	110	50

餓虎撲兔	250	230	105	105	60

猛虎落地勢260	230	105	105	70

五虎開山	280	240	100	100	80

斷子絕孫	290	240	100	100	90

虎口奪食	300	240	90	90	90

餓虎撲食	330	240	90	90	100

山崩地裂	350	250	90	90	110

夜黑風高	380	250	80	80	120

損筋斷骨	400	250	80	80	130

惡林虎嘯	420	250	70	70	130

困獸猶鬥	450	300	70	70	140

虎爪絕戶	600	350	70	70	150

平均值	304	229	97	97	79

===============================

太極刀	配置: 刀法, 招架				

學習條件	內力: 500				

	        太極神功: 80				

 

招式	        內傷	臂傷	被閃	被招	等級

停車問路	100	120	100	100	0

童子掛畫	110	140	100	100	10

推窗望月	120	160	100	100	20

開門見山	120	180	100	100	30

臨溪觀魚	140	230	100	100	40

張弓望的	140	270	90	90	50

風送輕舟	140	320	90	90	60

川流不息	150	380	80	80	80

乾字訣	230	400	80	80	130

坤字訣	320	450	80	70	150

平均值	157	265	92	91	57

===============================

倚天屠龍功	配置: 短兵, 招架				

學習條件	        內力: 500				

	                太極神功: 80				

 

招式	        內傷	臂傷	被閃	被招	等級

武林至尊	200	320	100	100	0

寶刀屠龍	260	380	100	100	30

號令天下	280	380	100	100	60

莫敢不從	320	380	100	100	90

倚天不出	380	380	100	100	120

誰與爭鋒	400	380	100	100	150

平均值	307	370	100	100	75

===============================

<第三階>

太極拳	配置: 拳腳, 招架				

學習條件	內力: 1000				

	        太極神功: 150				

	        虎爪絕戶手: 100				

 

招式	        內傷	臂傷	被閃	被招	等級

攬雀尾	110	110	130	130	0

單鞭	        110	110	130	130	10

提手上式	110	110	130	130	20

白鶴亮翅	150	150	120	120	30

摟膝拗步	150	150	120	120	40

手揮琵琶	150	150	120	120	50

肘底看錘	190	190	110	110	60

海底針	190	190	110	110	70

閃通臂	190	190	110	110	80

斜飛式	250	250	100	100	90

白蛇吐信	250	250	100	100	100

雙風貫耳	250	250	100	100	110

指襠錘	250	250	100	100	120

伏虎式	290	270	90	90	130

雲手	        290	270	90	90	150

金雞獨立	290	270	90	90	180

高探馬	320	300	80	80	200

玉女穿梭	320	300	80	80	210

反身撇錘	320	300	80	80	220

反身蹬腿	370	340	70	70	230

白蛇吐信	370	340	70	70	250

栽錘	        370	340	70	70	260

野馬分鬃	370	340	70	70	280

抱虎歸山	430	350	70	70	300

十字手	430	350	70	70	320

進步七星	450	350	70	70	340

倒攆猴	500	350	60	60	360

轉身擺蓮	600	350	60	60	370

彎弓射虎	700	350	50	50	380

如封似閉	900	400	50	50	400

平均值	322	264	90	90	179

===============================

太極劍	配置: 劍法, 招架				

學習條件	內力: 1000				

	        太極神功: 150				

	        兩儀劍法: 100				

 

招式	        內傷	臂傷	被閃	被招	等級

蜻蜓點水	100	110	140	140	0

指南針	100	110	140	140	10

大魁星	100	110	140	140	20

探海式	130	150	140	140	30

燕子掠波	130	150	140	140	40

烏龍擺尾	130	150	140	140	50

左攔掃	140	180	130	130	60

宿鳥投林	140	180	130	130	70

青龍出水	140	180	130	130	80

三環套月	150	240	120	120	90

風卷荷葉	150	240	120	120	100

虎抱頭	150	240	120	120	110

獅子搖頭	160	300	110	110	120

仙人指路	160	300	110	110	130

野馬跳澗	160	300	110	110	140

射雁式	170	330	100	100	150

小魁星	170	330	100	100	160

白猿獻果	170	330	100	100	170

迎風撢塵	180	380	95	95	180

順水推舟	180	380	95	95	190

流星趕月	180	380	95	95	200

海底撈月	200	430	90	90	210

挑簾式	200	430	90	90	220

黃蜂入洞	200	430	90	90	250

大鵬展翅	210	480	80	80	260

車輪劍	210	480	80	80	280

天馬行空	210	480	80	80	300

風掃梅花	220	520	70	70	320

卻步抽劍	220	520	70	70	350

如封似閉	220	520	70	70	380

撥雲瞻日	230	610	60	60	400

繞指柔劍	510	330	50	60	400

神門十三劍330	510	60	50	400

平均值	183	328	103	103	178

===============================

<上古傳承無上神武>

太極真義	配置: 拳腳, 招架				

學習條件	內力: 5000				

	        太極拳: 800

招式	        內傷	臂傷	被閃	被招	等級

震字訣	500	300	30	30	0

白雲行空	550	300	30	30	0

擠字訣	580	300	30	30	60

太極漩渦	600	300	30	30	120

雲手真義	700	300	30	30	180

如綿如鐵	800	300	30	30	240

陰陽調轉	900	300	30	30	300

太極雙風	1000 300	30	30	360

六合勁真義1100300	30	30	420

行雲流水	1200 300	30	30	480

拳旨真義	1300 300	30	30	540

真義境界	1500 500	20	20	600

平均值	894	317	29	29	275

===============================