 華山

<第一階>

劈石破玉拳	配置: 拳腳, 招架

學習條件	        內力: 50

	                紫霞神功: 10

 

招式	        內傷	臂傷	被閃	被招	等級

起手式	120	100	130	130	0

石破天驚	150	110	130	130	10

鐵閂橫門	180	110	120	120	20

傍花拂柳	220	120	120	110	30

金剛摯尾	270	140	110	110	40

封閉手	300	170	100	100	50

粉石碎玉	350	200	90	90	60

平均值	227	136	114	113	30

===============================

反兩儀刀法	配置: 刀法, 招架				

學習條件    	內力: 50				

                	紫霞神功: 10				

 

招式	        內傷	臂傷	被閃	被招	等級

混沌一破	100	130	120	120	0

太乙生萌	110	160	120	110	20

兩儀合德	110	200	110	110	30

日月晦明	120	250	100	100	50

無色無相	130	290	90	90	60

萬劫不復	150	330	80	80	80

平均值	120	227	103	102	40

===============================

<第二階>

混元掌	配置: 拳腳, 招架				

學習條件	內力: 100				

        	紫霞神功: 80				

 

招式	        內傷	臂傷	被閃	被招	等級

白雲出岫	120	100	120	120	0

白虹貫日	150	100	110	110	10

雲斷秦嶺	200	110	100	100	20

青松翠翠	250	110	100	100	30

天紳倒懸	300	110	100	100	40

無邊落木	350	120	100	100	50

高山流水	400	120	90	90	60

金玉滿堂	450	120	90	90	70

風伴流雲	500	120	80	80	80

煙雨飄渺	550	120	80	80	100

平均值	327	113	97	97	46

===============================

華山劍法	配置: 劍法, 招架				

學習條件	內力: 100				

        	紫霞神功: 80				

 

招式	        內傷	臂傷	被閃	被招	等級

白雲出岫	100	100	100	100	0

有鳳來儀	120	120	90	100	15

天紳倒懸	200	200	90	90	40

白虹貫日	250	350	80	90	50

蒼松迎客	260	400	70	80	70

金玉滿堂	270	400	70	80	80

平沙落雁	280	400	70	80	90

無邊落木	290	400	70	80	100

鴻飛冥冥	300	400	70	70	120

平均值	230	308	79	86	63

===============================

狂風快劍	配置: 劍法, 招架				

學習條件	內力: 500				

        	紫霞神功: 80				

 

招式	        內傷	臂傷	被閃	被招	等級

風平浪靜	140	250	50	80	0

風起雲湧	170	300	40	70	50

風捲殘雲	170	400	30	70	100

風流雲散	170	450	30	70	150

平均值	163	350	38	73	75

===============================

鷹蛇生死搏	配置: 拳腳, 招架				

學習條件   	內力: 500				

                	紫霞神功: 80				

                	劈石破玉拳: 80				

 

招式	        內傷	臂傷	被閃	被招	等級

翼展式	100	100	120	120	0

鷹揚式	110	110	110	110	10

衝霄式	150	130	100	100	20

搏兔式	250	140	100	100	30

搏虎式	320	150	90	100	40

搏龍式	450	180	80	80	50

鷹揚蛇竄	500	350	70	60	100

平均值	269	166	96	96	36

===============================

<第三階>

獨孤九劍	配置: 劍法, 招架				

學習條件	內力: 0				

        	紫霞神功: 150				

        	基本劍法: 200				

 

招式	        內傷	臂傷	被閃	被招	等級

總訣式	100	150	90	60	0

破劍式	110	230	90	60	50

破刀式	130	300	80	60	100

破槍式	150	350	80	60	150

破鞭式	160	430	80	30	200

破索式	170	460	80	30	250

破掌式	190	550	80	30	300

破箭式	200	600	80	30	350

破氣式	230	800	80	30	400

平均值	160	430	82	43	200

===============================

辟邪劍法	配置: 劍法, 招架				

學習條件	內力: 100				

        	紫霞神功: 150				

        	狂風快劍: 200				

 

招式	        內傷	臂傷	被閃	被招	等級

白影急幌	100	100	90	100	0

自己小腹	110	120	90	90	10

猱身而上	130	150	80	90	20

招法一變	150	200	80	80	40

有如鬼魅	170	270	80	80	50

疾沖上前	170	330	70	70	55

反手刺出	190	370	70	70	70

眼前一花	200	420	70	70	80

向後疾退	200	450	70	60	90

直刺右眼	200	500	70	60	110

飛身躍起	220	550	70	60	130

腰枝猛擺	230	700	60	50	150

玉女劍	230	710	60	50	200

十九式

紫氣東來	230	710	60	50	250

流星趕月	230	710	60	50	300

鐘馗抉目	230	710	60	50	350

江上弄笛	230	720	60	50	360

群邪辟易	230	720	60	50	380

流星飛墮	230	720	60	50	380

花開見佛	230	720	60	50	380

飛燕穿柳	230	750	60	50	400

平均值	197	506	69	63	181

===============================

<上古傳承無上神武>

笑滄海傲訣	配置: 劍法, 招架				

學習條件   	內力: 5000				

                	獨孤九劍: 800				

 

招式	        內傷	臂傷	被閃	被招	等級

來鶴清泉	300	600	30	30	0

衡山五神劍310	610	30	30	0

玉女十九劍320	620	30	30	50

恆山一劍	330	630	30	30	50

獨劈華山	340	640	30	30	100

達摩劍	350	650	30	30	100

伏摩劍	360	660	30	30	150

伏魔龍吞	370	670	30	30	150

雜亂無章	380	680	30	30	200

劍挾刀勢	380	680	30	30	200

一劍無招	390	690	30	30	250

亂披風劍法390	690	30	30	250

東虛西實	400	690	30	30	300

泰山十八盤410	690	30	30	300

暗藏後著	420	690	30	30	350

胸有成竹	430	690	30	30	350

雲霧十三式440	690	30	30	350

嵩山劍勢	450	690	30	30	350

太極劍意	460	690	30	30	350

一劍落九雁500	690	30	30	400

神妙無倫	510	690	30	30	400

有如神助	520	700	30	30	400

有招似無招530	800	30	30	400

光影劍靈	540	900	30	30	400

歸真意境	550	1000 30	30	450

血劍飛旋	560	1100 30	30	450

劍嘯震山河570	1200 30	30	450

練神還虛	580	1300 30	30	450

劍在神先	590	1400 30	30	450

練氣化神	600	1500 30	30	460

劍旋離身	610	1600 30	30	470

後發先至	620	1700 30	30	480

破氣神劍	630	1800 30	30	490

光芒千道	650	1900 30	30	490

空明劍意	800	2000 0	0	500

平均值 	474	941	29	29	314

===============================